1517081337214	31.7292556944393	35.2026294025481
1517081517305	31.7292556944393	35.2026294025481
1517081697348	31.7292556944393	35.2026294025481
1517081877456	31.7292556944393	35.2026294025481
1517082057568	31.7292556944393	35.2026294025481
1517082237659	31.7292556944393	35.2026294025481
1517082417711	31.7292556944393	35.2026294025481
1517082597798	31.7292556944393	35.2026294025481
1517082777879	31.7292556944393	35.2026294025481
1517082957985	31.7292556944393	35.2026294025481
1517083138088	31.7292556944393	35.2026294025481
1517083318314	31.7292556944393	35.2026294025481
1517083498391	31.7292556944393	35.2026294025481
1517083678407	31.7292556944393	35.2026294025481
1517083858632	31.7292556944393	35.2026294025481
1517084038728	31.7292556944393	35.2026294025481
1517084218938	31.7292556944393	35.2026294025481
1517084399037	31.7292556944393	35.2026294025481
1517084579144	31.7292556944393	35.2026294025481
1517084759255	31.7292556944393	35.2026294025481
1517084939380	31.7292556944393	35.2026294025481
1517085123419	31.7292556944393	35.2026294025481
1517085303649	31.7292556944393	35.2026294025481
1517085483698	31.7292556944393	35.2026294025481
1517085663784	31.7292556944393	35.2026294025481
1517085843978	31.7292556944393	35.2026294025481
1517086026594	31.7292556944393	35.2026294025481
1517086206682	31.7292556944393	35.2026294025481
1517086386789	31.7292556944393	35.2026294025481
1517086566905	31.7292556944393	35.2026294025481
1517086747005	31.7292556944393	35.2026294025481
1517086927112	31.7292556944393	35.2026294025481
1517087647297	31.7292556944393	35.2026294025481
1517087827397	31.7292556944393	35.2026294025481
1517088007488	31.7292556944393	35.2026294025481
1517088187509	31.7292556944393	35.2026294025481
1517088367616	31.7292556944393	35.2026294025481
1517088547713	31.7292556944393	35.2026294025481
1517088727816	31.7292556944393	35.2026294025481
1517088907901	31.7292556944393	35.2026294025481
1517089088003	31.7292556944393	35.2026294025481
1517089268109	31.7292556944393	35.2026294025481
1517089448138	31.7292556944393	35.2026294025481
1517089628220	31.7292556944393	35.2026294025481
1517089808298	31.7292556944393	35.2026294025481
1517089988339	31.7292556944393	35.2026294025481
1517090168417	31.7292556944393	35.2026294025481
1517090348427	31.7292556944393	35.2026294025481
1517090528537	31.7292556944393	35.2026294025481
1517090708638	31.7292556944393	35.2026294025481
1517090888730	31.7292556944393	35.2026294025481
1517091068766	31.7292556944393	35.2026294025481
1517091248873	31.7292556944393	35.2026294025481
1517091428981	31.7292556944393	35.2026294025481
1517091608997	31.7292556944393	35.2026294025481
1517091789050	31.7292556944393	35.2026294025481
1517091969142	31.7292556944393	35.2026294025481
1517092149161	31.7292556944393	35.2026294025481
1517092329253	31.7292556944393	35.2026294025481
1517092509272	31.7292556944393	35.2026294025481
1517092689350	31.7292556944393	35.2026294025481
1517092869457	31.7292556944393	35.2026294025481
1517093049566	31.7292556944393	35.2026294025481
1517093229670	31.7292556944393	35.2026294025481
1517093409736	31.7292556944393	35.2026294025481
1517093589745	31.7292556944393	35.2026294025481
1517093769772	31.7292556944393	35.2026294025481
1517093949878	31.7292556944393	35.2026294025481
1517094129983	31.7292556944393	35.2026294025481
1517094310087	31.7292556944393	35.2026294025481
1517094490173	31.7292556944393	35.2026294025481
1517094670221	31.7292556944393	35.2026294025481
1517094850251	31.7292556944393	35.2026294025481
1517095030300	31.7292556944393	35.2026294025481
1517095210309	31.7292556944393	35.2026294025481
1517095390379	31.7292556944393	35.2026294025481
1517095570430	31.7292556944393	35.2026294025481
1517095750525	31.7292556944393	35.2026294025481
1517095930625	31.7292556944393	35.2026294025481
1517096110702	31.7292556944393	35.2026294025481
1517097551419	31.7292400181758	35.2027087378363
1517097731468	31.7292400181758	35.2027087378363
1517097911572	31.7292400181758	35.2027087378363
1517098091680	31.7292400181758	35.2027087378363
1517098271760	31.7292400181758	35.2027087378363
1517098451806	31.7292400181758	35.2027087378363
1517098631818	31.7292400181758	35.2027087378363
1517098811914	31.7292400181758	35.2027087378363
1517098991988	31.7292400181758	35.2027087378363
1517099172005	31.7292400181758	35.2027087378363
1517099352047	31.7292400181758	35.2027087378363
1517099532076	31.7292400181758	35.2027087378363
1517099712139	31.7292400181758	35.2027087378363
1517099892243	31.7292400181758	35.2027087378363
1517100072272	31.7292400181758	35.2027087378363
1517100252372	31.7292400181758	35.2027087378363
1517100432462	31.7292400181758	35.2027087378363
1517100612511	31.7292400181758	35.2027087378363
1517100792564	31.7292400181758	35.2027087378363
1517100972625	31.7292400181758	35.2027087378363
1517101152726	31.7292400181758	35.2027087378363
1517101332756	31.7292400181758	35.2027087378363
1517101512835	31.7292400181758	35.2027087378363
1517101692942	31.7292400181758	35.2027087378363
1517101873012	31.7292400181758	35.2027087378363
1517102053117	31.7292400181758	35.2027087378363
1517102233162	31.7292400181758	35.2027087378363
1517102413263	31.7292400181758	35.2027087378363
1517102593353	31.7292400181758	35.2027087378363
1517102773460	31.7292400181758	35.2027087378363
1517102953526	31.7292400181758	35.2027087378363
1517103133633	31.7292400181758	35.2027087378363
1517103313735	31.7292400181758	35.2027087378363
1517103493811	31.7292400181758	35.2027087378363
1517103673917	31.7292400181758	35.2027087378363
1517103853970	31.7292400181758	35.2027087378363
1517104034078	31.7292400181758	35.2027087378363
1517104214185	31.7292400181758	35.2027087378363
1517104394286	31.7292400181758	35.2027087378363
1517104574390	31.7292400181758	35.2027087378363
1517104754462	31.7292400181758	35.2027087378363
1517104934491	31.7292400181758	35.2027087378363
1517105114592	31.7292400181758	35.2027087378363
1517105294700	31.7292400181758	35.2027087378363
1517105474768	31.7292400181758	35.2027087378363
1517105654798	31.7292400181758	35.2027087378363
1517105834887	31.7292400181758	35.2027087378363
1517106014993	31.7292400181758	35.2027087378363
1517106195079	31.7292400181758	35.2027087378363
1517106375158	31.7292400181758	35.2027087378363
1517106555227	31.7292400181758	35.2027087378363
1517106735271	31.7292400181758	35.2027087378363
1517106915345	31.7292400181758	35.2027087378363
1517107095356	31.7292400181758	35.2027087378363
1517107275370	31.7292400181758	35.2027087378363
1517107455468	31.7292400181758	35.2027087378363
1517107635547	31.7292400181758	35.2027087378363
1517107815622	31.7292400181758	35.2027087378363
1517107995730	31.7292400181758	35.2027087378363
1517108175837	31.7292400181758	35.2027087378363
1517108355853	31.7292400181758	35.2027087378363
1517108535940	31.7292400181758	35.2027087378363
1517108715998	31.7292400181758	35.2027087378363
1517108896050	31.7292400181758	35.2027087378363
1517109076143	31.7292400181758	35.2027087378363
1517109256249	31.7292400181758	35.2027087378363
1517109436277	31.7292400181758	35.2027087378363
1517109616370	31.7292400181758	35.2027087378363
1517109796443	31.7292400181758	35.2027087378363
1517109976475	31.7292400181758	35.2027087378363
1517110156582	31.7292400181758	35.2027087378363
1517110336639	31.7292400181758	35.2027087378363
1517110516743	31.7292400181758	35.2027087378363
1517110696807	31.7292400181758	35.2027087378363
1517110876911	31.7292400181758	35.2027087378363
1517111056967	31.7292400181758	35.2027087378363
1517111237012	31.7292400181758	35.2027087378363
1517111417043	31.7292400181758	35.2027087378363
1517111597058	31.7292400181758	35.2027087378363
1517111777155	31.7292400181758	35.2027087378363
1517111957257	31.7292400181758	35.2027087378363
1517112137349	31.7292400181758	35.2027087378363
1517112317426	31.7292400181758	35.2027087378363
1517112497500	31.7292400181758	35.2027087378363
1517112677556	31.7292400181758	35.2027087378363
1517112857625	31.7292400181758	35.2027087378363
1517113037699	31.7292400181758	35.2027087378363
1517113217747	31.7292400181758	35.2027087378363
1517113397834	31.7292400181758	35.2027087378363
1517113577903	31.7292400181758	35.2027087378363
1517113757927	31.7292400181758	35.2027087378363
1517113938023	31.7292400181758	35.2027087378363
1517114118092	31.7292400181758	35.2027087378363
1517114298172	31.7292400181758	35.2027087378363
1517114478253	31.7292400181758	35.2027087378363
1517114658331	31.7292400181758	35.2027087378363
1517114838388	31.7292400181758	35.2027087378363
1517115018389	31.7292400181758	35.2027087378363
1517115198478	31.7292400181758	35.2027087378363
1517115378571	31.7292400181758	35.2027087378363
1517115558602	31.7292400181758	35.2027087378363
1517115738694	31.7292400181758	35.2027087378363
1517115918776	31.7292400181758	35.2027087378363
1517116098883	31.7292400181758	35.2027087378363
1517116278912	31.7292400181758	35.2027087378363
1517116458999	31.7292400181758	35.2027087378363
1517116639107	31.7292400181758	35.2027087378363
1517116819201	31.7292400181758	35.2027087378363
1517116999306	31.7292400181758	35.2027087378363
1517117179402	31.7292400181758	35.2027087378363
1517117359484	31.7292400181758	35.2027087378363
1517117539591	31.7292400181758	35.2027087378363
1517117719686	31.7292400181758	35.2027087378363
1517117899783	31.7292400181758	35.2027087378363
1517118079860	31.7292400181758	35.2027087378363
1517118259942	31.7292400181758	35.2027087378363
1517118439977	31.7292400181758	35.2027087378363
1517118620067	31.7292556944393	35.2026294025481
1517142744783	31.7292550159908	35.2026784108793
1517142924812	31.7292550159908	35.2026784108793
1517143104826	31.7292550159908	35.2026784108793
1517143284920	31.7292550159908	35.2026784108793
1517143464998	31.7292550159908	35.2026784108793
1517143645082	31.7292550159908	35.2026784108793
1517143825128	31.7292550159908	35.2026784108793
1517144005143	31.7292550159908	35.2026784108793
1517144185169	31.7292550159908	35.2026784108793
1517144365187	31.7292550159908	35.2026784108793
1517144545200	31.7292550159908	35.2026784108793
1517144725307	31.7292550159908	35.2026784108793
1517144905411	31.7292550159908	35.2026784108793
1517145085519	31.7292550159908	35.2026784108793
1517159357221	31.7292556944393	35.2026294025481
1517159537238	31.7292556944393	35.2026294025481
1517159717338	31.7292556944393	35.2026294025481
1517159897448	31.7292556944393	35.2026294025481
1517160077543	31.7292556944393	35.2026294025481
1517160257557	31.7292556944393	35.2026294025481
1517160437659	31.7292556944393	35.2026294025481
1517160617719	31.7292556944393	35.2026294025481
1517160797830	31.7292556944393	35.2026294025481
1517160977919	31.7292556944393	35.2026294025481
1517161158026	31.7292556944393	35.2026294025481
1517161338119	31.7292556944393	35.2026294025481
1517161518213	31.7292556944393	35.2026294025481
1517161699104	31.7292400181758	35.2027087378363
1517161879359	31.7292400181758	35.2027087378363
1517162059387	31.7292556944393	35.2026294025481
1517162239389	31.7292556944393	35.2026294025481
1517162419482	31.7292556944393	35.2026294025481
1517162602048	31.7292556944393	35.2026294025481
1517162782159	31.7292556944393	35.2026294025481
1517162962269	31.7292556944393	35.2026294025481
1517258485951	31.7292550159908	35.2026784108793
1517258665969	31.7292550159908	35.2026784108793
1517258846021	31.7292550159908	35.2026784108793
1517259206427	31.7292550159908	35.2026784108793
1517259388589	31.7292550159908	35.2026784108793
1517259636585	31.7292550159908	35.2026784108793
1517259816701	31.7292550159908	35.2026784108793
1517259996811	31.7292550159908	35.2026784108793
1517260176806	31.7292550159908	35.2026784108793
1517260359483	31.7292550159908	35.2026784108793
1517260541380	31.7292550159908	35.2026784108793
1517260721493	31.7292550159908	35.2026784108793
1517260901991	31.7292550159908	35.2026784108793
1517261082139	31.7292550159908	35.2026784108793
1517261262202	31.7292550159908	35.2026784108793
1517261442333	31.7292550159908	35.2026784108793
1517261622415	31.7292550159908	35.2026784108793
1517261802505	31.7292550159908	35.2026784108793
1517261982589	31.7292550159908	35.2026784108793
1517262162675	31.7292550159908	35.2026784108793
1517262342778	31.7292550159908	35.2026784108793
1517262522867	31.7292550159908	35.2026784108793
1517262702972	31.7292550159908	35.2026784108793
1517262883107	31.7292550159908	35.2026784108793
1517263065076	31.7292550159908	35.2026784108793
1517263245182	31.7292550159908	35.2026784108793
1517263425281	31.7292550159908	35.2026784108793
1517263605388	31.7292550159908	35.2026784108793
1517263785478	31.7292550159908	35.2026784108793
1517263965652	31.7292550159908	35.2026784108793
1517264145759	31.7292550159908	35.2026784108793
1517264325868	31.7292550159908	35.2026784108793
1517264505979	31.7292550159908	35.2026784108793
1517264686069	31.7292550159908	35.2026784108793
1517264866209	31.7292550159908	35.2026784108793
1517265046319	31.7292550159908	35.2026784108793
1517265226418	31.7292550159908	35.2026784108793
1517265406522	31.7292550159908	35.2026784108793
1517265586633	31.7292550159908	35.2026784108793
1517265766739	31.7292550159908	35.2026784108793
1517265946849	31.7292550159908	35.2026784108793
1517266126906	31.7292550159908	35.2026784108793
1517266307397	31.7292550159908	35.2026784108793
1517266487502	31.7292550159908	35.2026784108793
1517266667967	31.7292550159908	35.2026784108793
1517266848124	31.7292550159908	35.2026784108793
1517267028221	31.7292550159908	35.2026784108793
1517267208244	31.7292550159908	35.2026784108793
1517267388374	31.7292550159908	35.2026784108793
1517267568508	31.7292550159908	35.2026784108793
1517267748605	31.7292550159908	35.2026784108793
1517267928709	31.7292550159908	35.2026784108793
1517268108816	31.7292550159908	35.2026784108793
1517268288862	31.7292550159908	35.2026784108793
1517268468942	31.7292550159908	35.2026784108793
1517268649041	31.7292550159908	35.2026784108793
1517268829141	31.7292550159908	35.2026784108793
1517269009220	31.7292550159908	35.2026784108793
1517269189333	31.7292550159908	35.2026784108793
1517269369440	31.7292550159908	35.2026784108793
1517269549602	31.7292550159908	35.2026784108793
1517269729710	31.7292550159908	35.2026784108793
1517269909809	31.7292550159908	35.2026784108793
1517270089917	31.7292550159908	35.2026784108793
1517270270023	31.7292550159908	35.2026784108793
1517270450126	31.7292550159908	35.2026784108793
1517270630232	31.7292550159908	35.2026784108793
1517270810340	31.7292550159908	35.2026784108793
1517270990424	31.7292550159908	35.2026784108793
1517271170742	31.7292550159908	35.2026784108793
1517271350933	31.7292550159908	35.2026784108793
1517385115687	31.7112165084404	35.2023477852672
1517385295757	31.7112165084404	35.2023477852672
1517385475804	31.7112165084404	35.2023477852672
1517385655913	31.7112165084404	35.2023477852672
1517385836019	31.7112165084404	35.2023477852672
1517386016129	31.7112165084404	35.2023477852672
1517386196199	31.7112165084404	35.2023477852672
1517386376278	31.7112165084404	35.2023477852672
1517386556363	31.7112165084404	35.2023477852672
1517386736474	31.7112165084404	35.2023477852672
1517386916566	31.7112165084404	35.2023477852672
1517387096595	31.7112165084404	35.2023477852672
1517387276705	31.7112165084404	35.2023477852672
1517387456815	31.7112165084404	35.2023477852672
1517387636889	31.7112165084404	35.2023477852672
1517390518151	31.7292556944393	35.2026294025481
1517390698260	31.7292556944393	35.2026294025481
1517390878357	31.7292556944393	35.2026294025481
1517391058382	31.7292556944393	35.2026294025481
1517392499053	31.7288939841387	35.2029807027757
1517392679163	31.7288939841387	35.2029807027757
1517392859259	31.7288939841387	35.2029807027757
1517393039349	31.7288939841387	35.2029807027757
1517393219395	31.7288939841387	35.2029807027757
1517393399498	31.7288939841387	35.2029807027757
1517393579602	31.7288939841387	35.2029807027757
1517393759705	31.7288939841387	35.2029807027757
1517393939817	31.7288939841387	35.2029807027757
1517394119920	31.7288939841387	35.2029807027757
1517394300014	31.7288939841387	35.2029807027757
1517394480029	31.7288939841387	35.2029807027757
1517394660127	31.7288939841387	35.2029807027757
1517394840148	31.7292699982269	35.2025842006506
1517395020255	31.7292699982269	35.2025842006506
1517395200295	31.7292699982269	35.2025842006506
1517395380406	31.7292699982269	35.2025842006506
1517395560517	31.7292699982269	35.2025842006506
1517395740611	31.7292699982269	35.2025842006506
1517395920690	31.7292699982269	35.2025842006506
1517396100789	31.7292699982269	35.2025842006506
1517396280896	31.7292699982269	35.2025842006506
1517396461008	31.7292699982269	35.2025842006506
1517396641125	31.7292699982269	35.2025842006506
1517397001152	31.7292556944393	35.2026294025481
1517397181264	31.7292556944393	35.2026294025481
1517397361377	31.7292556944393	35.2026294025481
1517397541501	31.7292556944393	35.2026294025481
1517397721609	31.7292400181758	35.2027087378363
1517397901746	31.7292400181758	35.2027087378363
1517398081873	31.7292400181758	35.2027087378363
1517398261979	31.7292556944393	35.2026294025481
1517398442305	31.7292556944393	35.2026294025481
1517398622372	31.7292556944393	35.2026294025481
1517398802482	31.7292556944393	35.2026294025481
1517398982591	31.7292556944393	35.2026294025481
1517399162687	31.7292556944393	35.2026294025481
1517399342786	31.7292556944393	35.2026294025481
1517399522893	31.7292556944393	35.2026294025481
1517402584315	31.7296957672374	35.2033867318859
1517402764422	31.7296957672374	35.2033867318859
1517402944529	31.7296957672374	35.2033867318859
1517403124593	31.7296957672374	35.2033867318859
1517403304701	31.7296957672374	35.2033867318859
1517403484782	31.7296957672374	35.2033867318859
1517403664848	31.7296957672374	35.2033867318859
1517403844951	31.7296957672374	35.2033867318859
1517404024966	31.7296957672374	35.2033867318859
1517404205005	31.7296957672374	35.2033867318859
1517404385095	31.7296957672374	35.2033867318859
1517404565193	31.7296957672374	35.2033867318859
1517404745267	31.7296957672374	35.2033867318859
1517404925368	31.7296957672374	35.2033867318859
1517405105469	31.7296957672374	35.2033867318859
1517405285480	31.7296957672374	35.2033867318859
1517405465531	31.7296957672374	35.2033867318859
1517405645723	31.7296957672374	35.2033867318859
1517406726148	31.7296957672374	35.2033867318859
1517406906253	31.7296957672374	35.2033867318859
1517407086355	31.7296957672374	35.2033867318859
1517407266462	31.7296957672374	35.2033867318859
1517407446559	31.7296957672374	35.2033867318859
1517407626651	31.7296957672374	35.2033867318859
1517407806740	31.7296957672374	35.2033867318859
1517407986851	31.7296957672374	35.2033867318859
1517408166948	31.7296957672374	35.2033867318859
1517408347031	31.7296957672374	35.2033867318859
1517408527123	31.7296957672374	35.2033867318859
1517408707219	31.7296957672374	35.2033867318859
1517408887277	31.7296957672374	35.2033867318859
1517409067314	31.7296957672374	35.2033867318859
1517409247403	31.7296957672374	35.2033867318859
1517409427509	31.7296957672374	35.2033867318859
1517409607553	31.7296957672374	35.2033867318859
1517409787643	31.7296957672374	35.2033867318859
1517409967737	31.7296957672374	35.2033867318859
1517410147840	31.7296957672374	35.2033867318859
1517410327860	31.7296957672374	35.2033867318859
1517410507950	31.7296957672374	35.2033867318859
1517411228267	31.7296957672374	35.2033867318859
1517411408357	31.7296957672374	35.2033867318859
1517411783991	31.72922108791	35.2032740693867
1517411964006	31.7288939841387	35.2029807027757
1517412144108	31.7288939841387	35.2029807027757
1517412324210	31.7288939841387	35.2029807027757
1517412504375	31.7288939841387	35.2029807027757
1517412684466	31.7288939841387	35.2029807027757
1517412864617	31.7288939841387	35.2029807027757
1517413044851	31.7288939841387	35.2029807027757
1517413224954	31.7288939841387	35.2029807027757
1517413405066	31.7288939841387	35.2029807027757
1517413585162	31.7288939841387	35.2029807027757
1517413765265	31.7288939841387	35.2029807027757
1517413945367	31.7288939841387	35.2029807027757
1517414125450	31.7288939841387	35.2029807027757
1517414305544	31.7288939841387	35.2029807027757
1517414487004	31.7288939841387	35.2029807027757
1517414847141	31.7292699982269	35.2025842006506
1517415027167	31.7292699982269	35.2025842006506
1517415207268	31.7292699982269	35.2025842006506
1517415387375	31.7292699982269	35.2025842006506
1517415567456	31.7292699982269	35.2025842006506
1517415747550	31.7292699982269	35.2025842006506
1517415927711	31.7291572597173	35.202899482134
1517416107985	31.7291572597173	35.202899482134
1517416288119	31.7291572597173	35.202899482134
1517416468223	31.7291572597173	35.202899482134
1517416648268	31.7291572597173	35.202899482134
1517416828369	31.7291572597173	35.202899482134
1517417008388	31.7291572597173	35.202899482134
1517417368661	31.7292556944393	35.2026294025481
1517417548759	31.7292556944393	35.2026294025481
1517417728796	31.7292556944393	35.2026294025481
1517417908894	31.7291572597173	35.202899482134
1517418088978	31.7291572597173	35.202899482134
1517418269083	31.7291572597173	35.202899482134
1517418449104	31.7291572597173	35.202899482134
1517418629203	31.7291572597173	35.202899482134
1517418809309	31.7291572597173	35.202899482134
1517418989417	31.7291572597173	35.202899482134
1517419170149	31.7291572597173	35.202899482134
1517419350277	31.7292556944393	35.2026294025481
1517419530383	31.7292556944393	35.2026294025481
1517419710480	31.7292556944393	35.2026294025481
1517419890519	31.7292556944393	35.2026294025481
1517420070630	31.7292556944393	35.2026294025481
1517420250695	31.7292556944393	35.2026294025481
1517420430708	31.7292556944393	35.2026294025481
1517420610800	31.7292556944393	35.2026294025481
1517420790896	31.7292556944393	35.2026294025481
1517420970992	31.7292556944393	35.2026294025481
1517421151027	31.7292556944393	35.2026294025481
1517421331036	31.7292556944393	35.2026294025481
1517421511226	31.7291572597173	35.202899482134
1517421691241	31.7291572597173	35.202899482134
1517421871279	31.7291572597173	35.202899482134
1517422051390	31.7291572597173	35.202899482134
1517422231453	31.7291572597173	35.202899482134
1517422411558	31.7291572597173	35.202899482134
1517422591576	31.7291572597173	35.202899482134
1517422771651	31.7291572597173	35.202899482134
1517422951748	31.7291572597173	35.202899482134
1517423131817	31.7291572597173	35.202899482134
1517423312303	31.7292556944393	35.2026294025481
1517423492408	31.7291572597173	35.202899482134
1517423672511	31.7291572597173	35.202899482134
1517423852611	31.7291572597173	35.202899482134
1517424032716	31.7291572597173	35.202899482134
1517424212772	31.7291572597173	35.202899482134
1517424393084	31.7291572597173	35.202899482134
1517424573261	31.7291572597173	35.202899482134
1517424753345	31.7291572597173	35.202899482134
1517424933446	31.7291572597173	35.202899482134
1517425113556	31.7291572597173	35.202899482134
1517425293570	31.7291572597173	35.202899482134
1517425473678	31.7291572597173	35.202899482134
1517425653786	31.7292699982269	35.2025842006506
1517425833870	31.7292699982269	35.2025842006506
1517426014747	31.7291572597173	35.202899482134
1517426194902	31.7291572597173	35.202899482134
1517426374983	31.7291572597173	35.202899482134
1517426555033	31.7291572597173	35.202899482134
1517426735108	31.7291572597173	35.202899482134
1517426915191	31.7291572597173	35.202899482134
1517427095432	31.7291572597173	35.202899482134
1517427275695	31.7291572597173	35.202899482134
1517427455795	31.7291572597173	35.202899482134
1517427635825	31.7291572597173	35.202899482134
1517427815862	31.7291572597173	35.202899482134
1517427995953	31.7291572597173	35.202899482134
1517428176053	31.7291572597173	35.202899482134
1517428356135	31.7291572597173	35.202899482134
1517428536181	31.7291572597173	35.202899482134
1517428716293	31.7291572597173	35.202899482134
1517428896404	31.7291572597173	35.202899482134
1517429076470	31.7291572597173	35.202899482134
1517429256575	31.7291572597173	35.202899482134
1517429436598	31.7291572597173	35.202899482134
1517429616710	31.7291572597173	35.202899482134
1517429796753	31.7291572597173	35.202899482134
1517429976830	31.7291572597173	35.202899482134
1517430156853	31.7291572597173	35.202899482134
1517430336962	31.7291572597173	35.202899482134
1517430517074	31.7291572597173	35.202899482134
1517430697185	31.7291572597173	35.202899482134
1517430877274	31.7291572597173	35.202899482134
1517431057303	31.7291572597173	35.202899482134
1517431237414	31.7291572597173	35.202899482134
1517431417525	31.7291572597173	35.202899482134
1517431597631	31.7291572597173	35.202899482134
1517431777850	31.7291572597173	35.202899482134
1517431957962	31.7291572597173	35.202899482134
1517432138022	31.7291572597173	35.202899482134
1517432318035	31.7292699982269	35.2025842006506
1517432499411	31.7292556944393	35.2026294025481
1517432679500	31.7292556944393	35.2026294025481
1517432859557	31.7292556944393	35.2026294025481
1517433039636	31.7292556944393	35.2026294025481
1517433220291	31.7292556944393	35.2026294025481
1517433400404	31.7292556944393	35.2026294025481
1517433580470	31.7292556944393	35.2026294025481
1517433760573	31.7292556944393	35.2026294025481
1517433941123	31.7292556944393	35.2026294025481
1517434121229	31.7292556944393	35.2026294025481
1517434301306	31.7292556944393	35.2026294025481
1517434481500	31.7292556944393	35.2026294025481
1517434662351	31.7292556944393	35.2026294025481
1517434842460	31.7292556944393	35.2026294025481
1517435024599	31.7292556944393	35.2026294025481
1517435214179	31.7292556944393	35.2026294025481
1517483377875	31.7292556944393	35.2026294025481
1517483557891	31.7292556944393	35.2026294025481
1517483737985	31.7292556944393	35.2026294025481
1517483918008	31.7292556944393	35.2026294025481
1517484098098	31.7292556944393	35.2026294025481
1517484278159	31.7292556944393	35.2026294025481
1517484458230	31.7292556944393	35.2026294025481
1517484638383	31.7292556944393	35.2026294025481
1517484818491	31.7292556944393	35.2026294025481
1517484998598	31.7292556944393	35.2026294025481
1517485178694	31.7292556944393	35.2026294025481
1517485358801	31.7292556944393	35.2026294025481
1517485538839	31.7292556944393	35.2026294025481
1517485718937	31.7292556944393	35.2026294025481
1517485899031	31.7292556944393	35.2026294025481
1517486079114	31.7292556944393	35.2026294025481
1517486259225	31.7292556944393	35.2026294025481
1517486439335	31.7292556944393	35.2026294025481
1517486619428	31.7292556944393	35.2026294025481
1517486799535	31.7292556944393	35.2026294025481
1517486979639	31.7292556944393	35.2026294025481
1517487159721	31.7292556944393	35.2026294025481
1517487339830	31.7292699982269	35.2025842006506
1517487519950	31.7291572597173	35.202899482134
1517487700056	31.7291572597173	35.202899482134
1517487880154	31.7291572597173	35.202899482134
1517499225900	31.7292550159908	35.2026784108793
1517499406009	31.7292550159908	35.2026784108793
1517499586048	31.7292550159908	35.2026784108793
1517499766061	31.7292550159908	35.2026784108793
1517499946167	31.7292550159908	35.2026784108793
1517500126274	31.7292550159908	35.2026784108793
1517500306375	31.7292550159908	35.2026784108793
1517500486477	31.7292550159908	35.2026784108793
1517500666524	31.7292550159908	35.2026784108793
1517500846630	31.7292550159908	35.2026784108793
1517501026733	31.7292550159908	35.2026784108793
1517501206841	31.7292550159908	35.2026784108793
1517501386946	31.7292550159908	35.2026784108793
1517501566977	31.7292550159908	35.2026784108793
1517501746990	31.7292550159908	35.2026784108793
1517501927096	31.7292550159908	35.2026784108793
1517502107114	31.7292550159908	35.2026784108793
1517502287215	31.7292550159908	35.2026784108793
1517502467322	31.7292550159908	35.2026784108793
1517502647419	31.7292550159908	35.2026784108793
1517502827506	31.7292550159908	35.2026784108793
1517503007895	31.7292550159908	35.2026784108793
1517503187941	31.7292550159908	35.2026784108793
1517503368052	31.7292550159908	35.2026784108793
1517503548663	31.7292550159908	35.2026784108793
1517503728786	31.7292550159908	35.2026784108793
1517503908888	31.7292550159908	35.2026784108793
1517504088964	31.7292550159908	35.2026784108793
1517504269064	31.7292550159908	35.2026784108793
1517504449162	31.7292550159908	35.2026784108793
1517509918984	31.7292556944393	35.2026294025481
1517510099739	31.7292556944393	35.2026294025481
1517510279838	31.7292556944393	35.2026294025481
1517510459970	31.7292556944393	35.2026294025481
1517510640029	31.7292556944393	35.2026294025481
1517510820132	31.7292556944393	35.2026294025481
1517511000152	31.7292556944393	35.2026294025481
1517511180260	31.7292556944393	35.2026294025481
1517511360354	31.7292556944393	35.2026294025481
1517511540455	31.7292556944393	35.2026294025481
1517511720561	31.7292556944393	35.2026294025481
1517511900655	31.7292556944393	35.2026294025481
1517512080755	31.7292556944393	35.2026294025481
1517512260817	31.7292556944393	35.2026294025481
1517512440914	31.7292556944393	35.2026294025481
1517520679195	31.7293482832906	35.2030815370709
1517520859210	31.7292400181758	35.2027087378363
1517521039231	31.7292556944393	35.2026294025481
1517551291958	31.7292556944393	35.2026294025481
1517551472066	31.7292556944393	35.2026294025481
1517551652166	31.7292556944393	35.2026294025481
1517551832179	31.7292556944393	35.2026294025481
1517552012195	31.7292556944393	35.2026294025481
1517552192304	31.7292556944393	35.2026294025481
1517552372240	31.7292556944393	35.2026294025481
1517552552252	31.7292556944393	35.2026294025481
1517552732313	31.7292556944393	35.2026294025481
1517552912412	31.7292556944393	35.2026294025481
1517553092500	31.7292556944393	35.2026294025481
1517553272578	31.7292556944393	35.2026294025481
1517553452646	31.7292556944393	35.2026294025481
1517553632708	31.7292556944393	35.2026294025481
1517553812722	31.7292556944393	35.2026294025481
1517553992713	31.7292556944393	35.2026294025481
1517554172796	31.7292556944393	35.2026294025481
1517554352862	31.7292556944393	35.2026294025481
1517554532969	31.7292556944393	35.2026294025481
1517554713073	31.7292556944393	35.2026294025481
1517554893100	31.7292556944393	35.2026294025481
1517555073196	31.7292556944393	35.2026294025481
1517555253287	31.7292556944393	35.2026294025481
1517555433363	31.7292556944393	35.2026294025481
1517555613474	31.7292556944393	35.2026294025481
1517555793557	31.7292556944393	35.2026294025481
1517555973660	31.7292556944393	35.2026294025481
1517556153768	31.7292556944393	35.2026294025481
1517556333781	31.7292556944393	35.2026294025481
1517556513856	31.7292556944393	35.2026294025481
1517556693964	31.72922108791	35.2032740693867
1517556873996	31.72922108791	35.2032740693867
1517557054086	31.72922108791	35.2032740693867
1517557234097	31.72922108791	35.2032740693867
1517557414196	31.72922108791	35.2032740693867
1517557594302	31.72922108791	35.2032740693867
1517557774413	31.72922108791	35.2032740693867
1517557954525	31.72922108791	35.2032740693867
1517558134631	31.72922108791	35.2032740693867
1517558314713	31.72922108791	35.2032740693867
1517558494824	31.72922108791	35.2032740693867
1517559575399	31.7292036490182	35.2024181679865
1517559755415	31.7292036490182	35.2024181679865
1517559935493	31.7292036490182	35.2024181679865
1517560115604	31.7292036490182	35.2024181679865
1517560295630	31.7292036490182	35.2024181679865
1517560475743	31.7292036490182	35.2024181679865
1517560655822	31.7292036490182	35.2024181679865
1517560835979	31.7292036490182	35.2024181679865
1517561016071	31.7293482832906	35.2030815370709
1517561196164	31.7292036490182	35.2024181679865
1517561376312	31.7292036490182	35.2024181679865
1517561556421	31.72922108791	35.2032740693867
1517561736532	31.72922108791	35.2032740693867
1517561916630	31.72922108791	35.2032740693867
1517562096723	31.72922108791	35.2032740693867
1517562276834	31.72922108791	35.2032740693867
1517562456946	31.72922108791	35.2032740693867
1517562637053	31.72922108791	35.2032740693867
1517562817044	31.7292036490182	35.2024181679865
1517562997162	31.7291572597173	35.202899482134
1517563177260	31.7292556944393	35.2026294025481
1517563357360	31.7292556944393	35.2026294025481
1517563537372	31.7292556944393	35.2026294025481
1517563717383	31.7292556944393	35.2026294025481
1517563897412	31.7292556944393	35.2026294025481
1517564077425	31.7292556944393	35.2026294025481
1517564257478	31.7292556944393	35.2026294025481
1517564437502	31.7292556944393	35.2026294025481
1517564617593	31.7292556944393	35.2026294025481
1517564797597	31.7292556944393	35.2026294025481
1517564977688	31.7292556944393	35.2026294025481
1517565157781	31.7292556944393	35.2026294025481
1517565337878	31.7292556944393	35.2026294025481
1517565517970	31.7292556944393	35.2026294025481
1517565698061	31.7292556944393	35.2026294025481
1517565878087	31.7292556944393	35.2026294025481
1517566058149	31.7292556944393	35.2026294025481
1517566238215	31.7292556944393	35.2026294025481
1517566418277	31.7292556944393	35.2026294025481
1517566598354	31.7292556944393	35.2026294025481
1517566778445	31.7292556944393	35.2026294025481
1517566958553	31.7292556944393	35.2026294025481
1517567138597	31.7292556944393	35.2026294025481
1517567318604	31.7292556944393	35.2026294025481
1517567498711	31.7292556944393	35.2026294025481
1517567678813	31.7292556944393	35.2026294025481
1517567858839	31.7292556944393	35.2026294025481
1517568038932	31.7292556944393	35.2026294025481
1517568219039	31.7292556944393	35.2026294025481
1517568399107	31.7292556944393	35.2026294025481
1517568579210	31.7292556944393	35.2026294025481
1517568759317	31.7292556944393	35.2026294025481
1517568939419	31.7292556944393	35.2026294025481
1517569119506	31.7292556944393	35.2026294025481
1517569299598	31.7292556944393	35.2026294025481
1517569479694	31.7292556944393	35.2026294025481
1517569659791	31.7292556944393	35.2026294025481
1517569839778	31.7292556944393	35.2026294025481
1517570019885	31.7292556944393	35.2026294025481
1517570199991	31.7292556944393	35.2026294025481
1517570380018	31.7292556944393	35.2026294025481
1517570560126	31.7292556944393	35.2026294025481
1517609430250	31.7292400181758	35.2027087378363
1517694310924	31.7292400181758	35.2027087378363
1517756158980	31.7292556944393	35.2026294025481
1517756339019	31.7292556944393	35.2026294025481
1517756519128	31.7292556944393	35.2026294025481
1517756699945	31.7292400181758	35.2027087378363
1517756880028	31.7292400181758	35.2027087378363
1517757060128	31.7292400181758	35.2027087378363
1517757240220	31.7292400181758	35.2027087378363
1517757420236	31.7292400181758	35.2027087378363
1517757600320	31.7292556944393	35.2026294025481
1517757780418	31.7292556944393	35.2026294025481
1517757960432	31.7292556944393	35.2026294025481
1517758140537	31.7292556944393	35.2026294025481
1517758320616	31.7292556944393	35.2026294025481
1517758500709	31.7292556944393	35.2026294025481
1517758681002	31.7292556944393	35.2026294025481
1517758861105	31.7292556944393	35.2026294025481
1517759041163	31.7292400181758	35.2027087378363
1517759221272	31.7292400181758	35.2027087378363
1517759401344	31.7292556944393	35.2026294025481
1517759581389	31.7292556944393	35.2026294025481
1517759761495	31.7292556944393	35.2026294025481
1517759941607	31.7292556944393	35.2026294025481
1517760121681	31.7292556944393	35.2026294025481
1517760301767	31.7292556944393	35.2026294025481
1517760481777	31.7292556944393	35.2026294025481
1517760662388	31.7292556944393	35.2026294025481
1517760842492	31.7292556944393	35.2026294025481
1517761022599	31.7292556944393	35.2026294025481
1517761202701	31.7292556944393	35.2026294025481
1517761382757	31.7292556944393	35.2026294025481
1517761562868	31.7292556944393	35.2026294025481
1517761742977	31.7292556944393	35.2026294025481
1517948601075	31.7292550159908	35.2026784108793
1517948781422	31.7292550159908	35.2026784108793
1517948969167	31.7292550159908	35.2026784108793
1517949511583	31.7292550159908	35.2026784108793
1517949691610	31.7292550159908	35.2026784108793
1517949872031	31.7292556944393	35.2026294025481
1517950052096	31.7292400181758	35.2027087378363
1517950232197	31.7292400181758	35.2027087378363
1517950412301	31.7292400181758	35.2027087378363
1517950592410	31.7292556944393	35.2026294025481
1517950772538	31.7292556944393	35.2026294025481
1517950952752	31.7292556944393	35.2026294025481
1517951132850	31.7292556944393	35.2026294025481
1517951312874	31.7292556944393	35.2026294025481
1517951492988	31.7292400181758	35.2027087378363
1518116009735	31.7292550159908	35.2026784108793
1518116720611	31.7292550159908	35.2026784108793
1518116901525	31.7292550159908	35.2026784108793
1518117081592	31.7292550159908	35.2026784108793
1518117261676	31.7292550159908	35.2026784108793
1518117441737	31.7292550159908	35.2026784108793
1518117621846	31.7292550159908	35.2026784108793
1518117801870	31.7292550159908	35.2026784108793
1518117981980	31.7292550159908	35.2026784108793
1518118162061	31.7292550159908	35.2026784108793
1518118342140	31.7292550159908	35.2026784108793
1518118522187	31.7292550159908	35.2026784108793
1518118702286	31.7292550159908	35.2026784108793
1518118882392	31.7292550159908	35.2026784108793
1518119062474	31.7292550159908	35.2026784108793
1518119242576	31.7292550159908	35.2026784108793
1518119422683	31.7292550159908	35.2026784108793
1518119602792	31.7292550159908	35.2026784108793
1518119782856	31.7292550159908	35.2026784108793
1518119962888	31.7292550159908	35.2026784108793
1518120142998	31.7292550159908	35.2026784108793
1518120323103	31.7292550159908	35.2026784108793
1518120503203	31.7292550159908	35.2026784108793
1518120683313	31.7292550159908	35.2026784108793
1518120863402	31.7292550159908	35.2026784108793
1518121043483	31.7292550159908	35.2026784108793
1518121223582	31.7292550159908	35.2026784108793
1518121403691	31.7292550159908	35.2026784108793
1518121583712	31.7292550159908	35.2026784108793
1518121763762	31.7292550159908	35.2026784108793
1518121943777	31.7292550159908	35.2026784108793
1518122123882	31.7292550159908	35.2026784108793
1518122303914	31.7292550159908	35.2026784108793
1518122484018	31.7292550159908	35.2026784108793
1518122664099	31.7292550159908	35.2026784108793
1518122844198	31.7292550159908	35.2026784108793
1518123024278	31.7292550159908	35.2026784108793
1518123204383	31.7292550159908	35.2026784108793
1518291732664	31.7292550159908	35.2026784108793
1518291912716	31.7292550159908	35.2026784108793
1518292092825	31.7292550159908	35.2026784108793
1518292273348	31.7292550159908	35.2026784108793
1518292453435	31.7292550159908	35.2026784108793
1518292633530	31.7292550159908	35.2026784108793
1518292813634	31.7292550159908	35.2026784108793
1518292993707	31.7292550159908	35.2026784108793
1518293173795	31.7292550159908	35.2026784108793
1518371081114	31.7292556944393	35.2026294025481
1518554901726	31.7292400181758	35.2027087378363
1518636455764	31.7292556944393	35.2026294025481
1518636635779	31.7292556944393	35.2026294025481
1518636815886	31.7292556944393	35.2026294025481
1518636996574	31.7292556944393	35.2026294025481
1518637176683	31.7292556944393	35.2026294025481
1518637356720	31.7292556944393	35.2026294025481
1518637536806	31.7292556944393	35.2026294025481
1518637716912	31.7292556944393	35.2026294025481
1518637897025	31.7292556944393	35.2026294025481
1518638077114	31.7292556944393	35.2026294025481
1518638257226	31.7292556944393	35.2026294025481
1518638437320	31.7292556944393	35.2026294025481
1518638617453	31.7292556944393	35.2026294025481
1518638797667	31.7292556944393	35.2026294025481
1518638977769	31.7292556944393	35.2026294025481
1518639157883	31.7292556944393	35.2026294025481
1518639337977	31.7292556944393	35.2026294025481
1518959128727	31.7293482832906	35.2030815370709
1518959308744	31.7291572597173	35.202899482134
1518959488855	31.7291572597173	35.202899482134
1518959669619	31.7291572597173	35.202899482134
1518959849720	31.7291572597173	35.202899482134
1518960029825	31.7291572597173	35.202899482134
1518960209857	31.7291572597173	35.202899482134
1518960389957	31.7291572597173	35.202899482134
1518960570049	31.7291572597173	35.202899482134
1518960750151	31.7291572597173	35.202899482134
1518960930251	31.7291572597173	35.202899482134
1518961110370	31.7291572597173	35.202899482134
1518961290470	31.7291572597173	35.202899482134
1518961470549	31.7291572597173	35.202899482134
1518961650643	31.7291572597173	35.202899482134
1518961830705	31.7291572597173	35.202899482134
1518962010770	31.7291572597173	35.202899482134
1518962370971	31.7292556944393	35.2026294025481
1518962551080	31.7292556944393	35.2026294025481
1518962731166	31.7292556944393	35.2026294025481
1518962911243	31.7292556944393	35.2026294025481
1518963091276	31.7292556944393	35.2026294025481
1518963271356	31.7292556944393	35.2026294025481
1518963451506	31.7292556944393	35.2026294025481
1518963631611	31.7292556944393	35.2026294025481
1518963811685	31.7292556944393	35.2026294025481
1518963991793	31.7288939841387	35.2029807027757
1518964171894	31.7288939841387	35.2029807027757
1518964351982	31.7288939841387	35.2029807027757
1518964532050	31.7288939841387	35.2029807027757
1518964712154	31.7288939841387	35.2029807027757
1518964892261	31.7288939841387	35.2029807027757
1518965072368	31.7288939841387	35.2029807027757
1518965252446	31.7288939841387	35.2029807027757
1518965432554	31.7288939841387	35.2029807027757
1518965612653	31.7288939841387	35.2029807027757
1518965792759	31.7288939841387	35.2029807027757
1518965972866	31.7288939841387	35.2029807027757
1518966152973	31.7288939841387	35.2029807027757
1518966333076	31.7288939841387	35.2029807027757
1518966513181	31.7288939841387	35.2029807027757
1518966693191	31.7288939841387	35.2029807027757
1518966873266	31.7288939841387	35.2029807027757
1518967053364	31.7288939841387	35.2029807027757
1518967233470	31.7288939841387	35.2029807027757
1518967413578	31.7288939841387	35.2029807027757
1518967593679	31.7288939841387	35.2029807027757
1518967773772	31.7288939841387	35.2029807027757
1518967953865	31.7288939841387	35.2029807027757
1518968133965	31.7288939841387	35.2029807027757
1518968314067	31.7288939841387	35.2029807027757
1518968494172	31.7292699982269	35.2025842006506
1518968674233	31.7292556944393	35.2026294025481
1518968854334	31.7292556944393	35.2026294025481
1518969034442	31.7292556944393	35.2026294025481
1518969214546	31.7292556944393	35.2026294025481
1518969394630	31.7292556944393	35.2026294025481
1518969574730	31.7292556944393	35.2026294025481
1518969754831	31.7292556944393	35.2026294025481
1518969934935	31.7292556944393	35.2026294025481
1518970115000	31.7292556944393	35.2026294025481
1518970295060	31.7292556944393	35.2026294025481
1518970475082	31.7292556944393	35.2026294025481
1518970655184	31.7292556944393	35.2026294025481
1518970835194	31.7292556944393	35.2026294025481
1518971015204	31.7292556944393	35.2026294025481
1518971195312	31.7292556944393	35.2026294025481
1518971375397	31.7292556944393	35.2026294025481
1518971555499	31.7292556944393	35.2026294025481
1518971735581	31.7292556944393	35.2026294025481
1518971915621	31.7292556944393	35.2026294025481
1518972095725	31.7292556944393	35.2026294025481
1518972275828	31.7292556944393	35.2026294025481
1518972455932	31.7292556944393	35.2026294025481
1518972635971	31.7292556944393	35.2026294025481
1518972816076	31.7292556944393	35.2026294025481
1518972996176	31.7292556944393	35.2026294025481
1518973176275	31.7292556944393	35.2026294025481
1518973356377	31.7292556944393	35.2026294025481
1518973536475	31.7292556944393	35.2026294025481
1518973716493	31.7292556944393	35.2026294025481
1518973896593	31.7292556944393	35.2026294025481
1518974076694	31.7292556944393	35.2026294025481
1518974256784	31.7292556944393	35.2026294025481
1518974436793	31.7292556944393	35.2026294025481
1518974616893	31.7292556944393	35.2026294025481
1518974796997	31.7292556944393	35.2026294025481
1518974977098	31.7292556944393	35.2026294025481
1518975157203	31.7292556944393	35.2026294025481
1518975337310	31.7292556944393	35.2026294025481
1518975517353	31.7292556944393	35.2026294025481
1518975697455	31.7292556944393	35.2026294025481
1518975877549	31.7292556944393	35.2026294025481
1518976057653	31.7292400181758	35.2027087378363
1518976237763	31.7292556944393	35.2026294025481
1518976417873	31.7292556944393	35.2026294025481
1518976597900	31.7292556944393	35.2026294025481
1518976777984	31.7292556944393	35.2026294025481
1518976958036	31.7292556944393	35.2026294025481
1518977138140	31.7292556944393	35.2026294025481
1518977318259	31.7292556944393	35.2026294025481
1518977498362	31.7292556944393	35.2026294025481
1518977678438	31.7292556944393	35.2026294025481
1518977858540	31.7292556944393	35.2026294025481
1518978038644	31.7292556944393	35.2026294025481
1518978218753	31.7292556944393	35.2026294025481
1518978398782	31.7292400181758	35.2027087378363
1518978758963	31.7292400181758	35.2027087378363
1518978939059	31.7292550159908	35.2026784108793
1518979119164	31.7292550159908	35.2026784108793
1518979299236	31.7292556944393	35.2026294025481
1518989991148	31.7292556944393	35.2026294025481
1518990171156	31.7292556944393	35.2026294025481
1518990351270	31.7292556944393	35.2026294025481
1518990531442	31.7292556944393	35.2026294025481
1518990711590	31.7292550159908	35.2026784108793
1518990891736	31.7292550159908	35.2026784108793
1518991071824	31.7292550159908	35.2026784108793
1518991251921	31.7292550159908	35.2026784108793
1518991437674	31.7292550159908	35.2026784108793
1518991617767	31.7292550159908	35.2026784108793
1518991797866	31.7292550159908	35.2026784108793
1518991977887	31.7292550159908	35.2026784108793
1518992157990	31.7292550159908	35.2026784108793
1518992338075	31.7292550159908	35.2026784108793
1518992518175	31.7292550159908	35.2026784108793
1518992698273	31.7292550159908	35.2026784108793
1518992878383	31.7292550159908	35.2026784108793
1518993058484	31.7292550159908	35.2026784108793
1518993238610	31.7292550159908	35.2026784108793
1518993418706	31.7292550159908	35.2026784108793
1518993598799	31.7292550159908	35.2026784108793
1518993778908	31.7292550159908	35.2026784108793
1518993958981	31.7292550159908	35.2026784108793
1518994139079	31.7292550159908	35.2026784108793
1518994319106	31.7292550159908	35.2026784108793
1518994499870	31.7292550159908	35.2026784108793
1518994679972	31.7292550159908	35.2026784108793
1519016648638	31.7292550159908	35.2026784108793
1519043169921	31.7291572597173	35.202899482134
1519043350027	31.7291572597173	35.202899482134
1519043530210	31.7291572597173	35.202899482134
1519068526534	31.7292550159908	35.2026784108793
1519068706596	31.7292550159908	35.2026784108793
1519068887568	31.7292550159908	35.2026784108793
